4294967278,353
4294967279,566
4294967278,206
4294967294,1419
4294967294,481
4294967279,565
4294967278,204
4294967278,326
99,0
4294967294,1089
4294967294,1006
4294967294,1013
4294967294,1091
4294967278,202
4294967279,202
4294967278,200
4294967279,324
4294967278,350
4294967279,318
4294967279,196
4294967278,191
4294967279,194
99,6
99,5
4294967279,193
99,4
99,3
99,2
99,1
4294967279,192
4294967294,184
4294967294,182
4294967294,479
4294967294,166
4294967294,24
4294967294,173
4294967294,169
4294967279,191
4294967294,19
4294967294,104
4294967294,106
4294967294,162
4294967278,370
4294967278,369
4294967278,368
4294967278,367
4294967278,366
4294967278,320
4294967278,260
4294967278,311
4294967278,364
4294967278,37
4294967278,36
4294967278,35
4294967278,34
4294967278,33
4294967278,32
4294967278,31
4294967278,30
4294967278,29
4294967278,28
4294967278,27
4294967278,26
4294967278,25
4294967278,24
4294967278,23
4294967278,22
4294967278,21
4294967278,20
4294967278,19
4294967278,18
4294967278,17
4294967278,16
4294967278,15
4294967278,14
4294967278,13
4294967278,12
4294967278,11
4294967278,10
4294967278,9
4294967278,8
4294967278,7
4294967278,6
4294967278,5
4294967278,4
4294967279,132
4294967279,131
4294967279,130
4294967279,129
4294967279,128
4294967279,127
4294967279,126
4294967279,125
4294967279,308
4294967279,306
4294967279,561
4294967279,560
4294967279,559
4294967279,30
4294967279,29
4294967279,27
4294967279,24
4294967279,22
4294967279,20
4294967279,17
4294967279,16
4294967279,14
4294967279,12
4294967279,10
4294967278,189
4294967279,323
4294967278,385
4294967278,182
98,5
98,4
98,3
98,2
98,1
4294967278,362
4294967278,363
4294967294,1420
4294967279,175
4294967279,173
96,4
96,3
96,2
96,1
4294967278,344
4294967278,171
4294967279,169
95,6
4294967279,166
4294967279,536
95,5
95,4
95,3
95,2
95,1
4294967278,309
4294967278,162
4294967279,162
4294967279,161
4294967279,302
4294967278,340
4294967279,160
94,5
4294967278,158
4294967279,158
4294967278,157
94,4
4294967279,157
94,3
94,2
94,1
4294967279,532
4294967278,156
4294967279,155
4294967278,336
4294967294,395
4294967294,1416
4294967294,399
4294967294,385
4294967294,178
4294967294,420
4294967294,411
4294967294,416
4294967294,465
4294967279,150
4294967279,149
4294967279,148
93,6
4294967278,148
93,5
93,4
93,3
93,2
93,1
4294967279,145
4294967278,143
4294967279,144
4294967279,531
4294967278,303
4294967278,293
92,5
4294967279,28
4294967278,142
4294967279,141
4294967278,141
92,4
4294967279,140
92,3
92,2
92,1
4294967279,556
4294967294,393
4294967279,136
4294967278,301
4294967279,285
4294967278,134
4294967278,289
4294967279,283
4294967294,468
4294967278,384
4294967279,282
4294967278,274
4294967279,265
4294967278,273
4294967279,277
4294967278,266
4294967279,262
4294967279,258
4294967279,259
4294967278,298
4294967279,292
4294967278,279
4294967278,263
4294967279,274
4294967279,281
4294967278,259
4294967279,322
4294967279,527
4294967279,526
4294967279,551
4294967278,356
4294967279,550
4294967279,549
4294967278,355
4294967278,354
4294967279,251
4294967278,300
4294967279,517
4294967278,249
4294967278,243
4294967279,242
4294967279,548
4294967279,240
4294967278,239
4294967278,282
4294967279,238
4294967278,235
4294967294,392
4294967294,389
4294967294,114
4294967279,234
4294967278,231
4294967279,227
4294967279,228
4294967278,216
88,5
4294967279,219
88,4
4294967278,218
88,3
88,2
88,1
4294967279,217
4294967279,547
4294967279,213
4294967279,212
4294967294,89
4294967294,1414
4294967294,1008
4294967294,163
4294967294,161
4294967279,211
4294967279,210
86,4
86,3
86,2
86,1
4294967279,209
4294967279,208
4294967279,207
4294967278,245
4294967279,206
85,6
4294967278,327
4294967279,321
4294967279,0
4294967278,203
85,5
4294967278,201
4294967279,201
85,4
85,3
85,2
85,1
4294967278,351
4294967279,200
4294967294,120
4294967294,115
4294967279,199
4294967279,197
84,5
4294967278,195
4294967279,195
4294967278,194
84,4
84,3
84,2
84,1
4294967278,193
4294967294,183
4294967294,398
4294967294,167
4294967294,444
4294967294,467
4294967294,408
4294967294,455
4294967294,463
4294967278,192
4294967279,187
4294967278,183
4294967279,186
83,6
83,5
4294967279,185
83,4
4294967278,184
83,3
83,2
83,1
4294967294,1000
4294967294,1001
4294967294,186
4294967294,1175
4294967278,319
4294967279,182
4294967279,181
4294967279,540
4294967278,318
4294967278,317
4294967279,180
82,5
4294967294,107
82,4
82,3
82,2
82,1
4294967279,176
4294967278,175
4294967294,1
4294967294,46
4294967294,390
4294967279,172
4294967278,173
4294967294,76
0,7
4294967294,5
4294967279,539
4294967294,82
4294967278,168
4294967279,168
4294967294,36
4294967294,42
4294967294,45
4294967294,1174
4294967294,419
4294967294,2
4294967294,0
4294967294,1173
4294967294,29
4294967294,1017
4294967294,28
4294967294,1016
4294967294,27
4294967294,91
4294967294,90
4294967294,87
4294967294,86
4294967294,85
4294967294,84
4294967278,0
4294967278,166
4294967279,165
4294967278,164
4294967279,164
4294967278,163
4294967279,303
4294967294,53
4294967294,6
4294967294,94
4294967294,96
4294967278,307
4294967294,9
4294967294,8
4294967294,427
4294967294,44
4294967294,424
4294967294,43
4294967294,52
4294967294,51
4294967294,1415
4294967294,83
4294967278,132
4294967278,131
4294967278,130
4294967278,129
4294967278,128
4294967278,127
4294967278,126
4294967278,125
4294967278,124
4294967278,123
4294967278,122
4294967278,121
4294967278,120
4294967278,119
4294967278,118
4294967278,117
4294967278,116
4294967278,115
4294967278,114
4294967278,113
4294967278,112
4294967278,111
4294967278,110
4294967278,109
4294967278,108
4294967278,107
4294967278,106
4294967278,105
4294967278,104
